1
0.236875
0.21247
0.19299
0.175827
0.163589
0.154392
0.144616
0.135419
0.128395
0.122022
0.115939
0.111159
0.106163
0.100804
0.0965312
0.0923311
0.088493
0.0854515
0.0811065
0.0781374
0.0753132
0.072851
0.070244
0.0678543
0.0659715
0.0640886
0.0616265
0.0598885
0.0582229
0.0563401
0.055109
0.0540227
0.0527192
0.0511261
0.0496053
0.0485915
0.0469983
0.0458397
0.0442465
0.0433051
0.042074
0.0411326
0.0398291
0.0388153
0.0373669
0.0364979
0.0357738
0.0349048
0.0338909
0.0330944
0.0322254
0.0312115
0.0303425
0.0292563
0.0285321
0.0278804
0.0265045
0.0259251
0.0251285
0.0245492
0.0236802
0.0233905
0.0228836
0.0223043
0.0214353
0.0209284
0.0204215
0.0196973
0.0192628
0.0187559
0.0179593
0.01738
0.0165834
0.0162937
0.0155696
0.0150626
0.0140488
0.0132522
0.0128901
0.012166
0.0116591
0.0108625
0.0102107
0.0096314
0.00926932
0.0087624
0.00868998
0.00811065
0.00774857
0.0074589
0.00695199
0.00593816
0.00521399
0.00441741
0.00340358
0.00275183
0.00166558
0.000796582
0.273952
0.236875
0.21247
0.19299
0.175827
0.163589
0.154392
0.144616
0.135419
0.128395
0.122022
0.115939
0.111159
0.106163
0.100804
0.0965312
0.0923311
0.088493
0.0854515
0.0811065
0.0781374
0.0753132
0.072851
0.070244
0.0678543
0.0659715
0.0640886
0.0616265
0.0598885
0.0582229
0.0563401
0.055109
0.0540227
0.0527192
0.0511261
0.0496053
0.0485915
0.0469983
0.0458397
0.0442465
0.0433051
0.042074
0.0411326
0.0398291
0.0388153
0.0373669
0.0364979
0.0357738
0.0349048
0.0338909
0.0330944
0.0322254
0.0312115
0.0303425
0.0292563
0.0285321
0.0278804
0.0265045
0.0259251
0.0251285
0.0245492
0.0236802
0.0233905
0.0228836
0.0223043
0.0214353
0.0209284
0.0204215
0.0196973
0.0192628
0.0187559
0.0179593
0.01738
0.0165834
0.0162937
0.0155696
0.0150626
0.0140488
0.0132522
0.0128901
0.012166
0.0116591
0.0108625
0.0102107
0.0096314
0.00926932
0.0087624
0.00868998
0.00811065
0.00774857
0.0074589
0.00695199
0.00593816
0.00521399
0.00441741
0.00340358
0.00275183
0.00166558
0.000796582
