1
0.996799
0.996159
0.995519
0.995519
0.993598
0.992958
0.992958
0.992318
0.991677
0.991037
0.991037
0.988476
0.987196
0.986556
0.984635
0.983995
0.982074
0.982074
0.982074
0.980794
0.980794
0.980154
0.979513
0.978873
0.977593
0.976312
0.973752
0.973111
0.972471
0.971831
0.970551
0.970551
0.96927
0.96735
0.966709
0.966069
0.963508
0.960948
0.960307
0.959027
0.959027
0.958387
0.957746
0.956466
0.955826
0.955186
0.953905
0.952625
0.951985
0.951344
0.948784
0.946223
0.944942
0.942382
0.941101
0.939821
0.93854
0.9379
0.93662
0.935339
0.935339
0.932778
0.930858
0.928937
0.925096
0.923816
0.920615
0.918694
0.915493
0.910371
0.908451
0.90717
0.90525
0.903329
0.898207
0.895647
0.889885
0.886684
0.881562
0.879001
0.87644
0.870038
0.865557
0.861716
0.854673
0.850192
0.84443
0.839309
0.833547
0.823303
0.8137
0.802177
0.784891
0.766325
0.739437
0.705506
0.654289
0.552497
